@RELATION xx

@ATTRIBUTE Aluminium numeric
@ATTRIBUTE Krzem numeric
@ATTRIBUTE Magnez numeric
@ATTRIBUTE Miedz numeric
@ATTRIBUTE Cynk numeric
@ATTRIBUTE Cyna numeric
@ATTRIBUTE Nikiel numeric
@ATTRIBUTE Zelazo numeric
@ATTRIBUTE Olow numeric
@ATTRIBUTE TemperaturaWytapiania numeric
@ATTRIBUTE CzasWytapiania numeric
@ATTRIBUTE TemperaturaStudzenia numeric
@ATTRIBUTE CzasPodgrzewania numeric
@ATTRIBUTE TemperaturaStudzenia2 numeric
@ATTRIBUTE CzasPodgrzewania2 numeric
@ATTRIBUTE StopieńUszlachetniania numeric
@ATTRIBUTE Jakość numeric

@DATA
80,20,0,0,0,0,0,0,0,950,30,533,15,329,17,2,8
80,20,0,0,0,0,0,0,0,746,49,460,16,245,20,1,0
80,20,0,0,0,0,0,0,0,837,39,660,19,331,31,2,6
80,20,0,0,0,0,0,0,0,739,63,509,8,303,15,1,0
80,20,0,0,0,0,0,0,0,797,37,595,6,230,22,4,7
80,20,0,0,0,0,0,0,0,800,31,538,10,307,17,2,3
80,20,0,0,0,0,0,0,0,747,59,406,6,253,22,3,4
80,20,0,0,0,0,0,0,0,733,62,466,21,191,23,5,8
80,20,0,0,0,0,0,0,0,851,34,521,5,221,22,2,6
80,20,0,0,0,0,0,0,0,711,43,425,9,281,10,3,4
80,20,0,0,0,0,0,0,0,831,30,618,17,258,39,1,1
80,20,0,0,0,0,0,0,0,856,58,648,5,367,32,2,8
80,20,0,0,0,0,0,0,0,772,37,491,19,283,24,2,2
80,20,0,0,0,0,0,0,0,752,39,589,10,301,34,2,2
80,20,0,0,0,0,0,0,0,777,69,573,10,314,35,2,2
80,20,0,0,0,0,0,0,0,754,37,449,10,278,14,4,6
80,20,0,0,0,0,0,0,0,820,68,485,15,225,39,4,8
80,20,0,0,0,0,0,0,0,813,61,578,15,297,37,1,5
80,20,0,0,0,0,0,0,0,715,47,520,18,185,25,5,8
80,20,0,0,0,0,0,0,0,790,67,594,8,342,12,4,6
80,20,0,0,0,0,0,0,0,883,62,654,23,364,20,2,10
80,20,0,0,0,0,0,0,0,811,32,439,20,286,36,1,0
80,20,0,0,0,0,0,0,0,728,57,417,16,253,23,3,4
80,20,0,0,0,0,0,0,0,820,46,558,19,253,23,2,10
80,20,0,0,0,0,0,0,0,740,31,417,11,219,22,2,2
80,20,0,0,0,0,0,0,0,788,30,472,19,264,36,1,0
80,20,0,0,0,0,0,0,0,744,63,427,22,221,13,4,6
80,20,0,0,0,0,0,0,0,775,46,597,16,268,14,2,4
80,20,0,0,0,0,0,0,0,739,52,520,15,287,26,4,6
80,20,0,0,0,0,0,0,0,789,59,515,22,250,28,1,3
80,20,0,0,0,0,0,0,0,809,38,610,7,272,23,4,9
80,20,0,0,0,0,0,0,0,764,32,498,9,248,36,3,4
80,20,0,0,0,0,0,0,0,819,41,468,16,299,32,2,6
80,20,0,0,0,0,0,0,0,746,54,457,16,249,21,2,2
80,20,0,0,0,0,0,0,0,929,62,561,6,267,23,1,10
80,20,0,0,0,0,0,0,0,790,59,527,21,202,22,3,7
80,20,0,0,0,0,0,0,0,926,32,715,14,245,28,3,9
80,20,0,0,0,0,0,0,0,886,34,678,11,324,33,1,5
80,20,0,0,0,0,0,0,0,718,66,517,9,189,21,2,2
80,20,0,0,0,0,0,0,0,799,63,500,11,309,15,1,3
80,20,0,0,0,0,0,0,0,759,35,428,6,237,16,2,2
80,20,0,0,0,0,0,0,0,744,44,414,19,232,22,1,0
80,20,0,0,0,0,0,0,0,716,40,502,20,212,14,5,8
80,20,0,0,0,0,0,0,0,778,55,605,6,223,22,4,8
80,20,0,0,0,0,0,0,0,782,32,442,10,204,31,3,4
80,20,0,0,0,0,0,0,0,760,51,584,24,257,28,3,5
80,20,0,0,0,0,0,0,0,717,60,560,22,212,16,1,0
80,20,0,0,0,0,0,0,0,837,63,597,5,292,27,2,6
80,20,0,0,0,0,0,0,0,794,48,485,7,210,26,1,5
80,20,0,0,0,0,0,0,0,781,67,590,5,266,11,2,2
80,20,0,0,0,0,0,0,0,769,34,518,8,311,27,2,2
80,20,0,0,0,0,0,0,0,794,69,562,18,206,29,1,0
80,20,0,0,0,0,0,0,0,732,64,452,15,206,17,3,4
80,20,0,0,0,0,0,0,0,722,69,407,7,259,19,5,8
80,20,0,0,0,0,0,0,0,780,57,434,13,261,21,2,4
80,20,0,0,0,0,0,0,0,856,35,652,8,336,32,4,10
80,20,0,0,0,0,0,0,0,741,48,446,5,266,35,2,2
80,20,0,0,0,0,0,0,0,779,50,444,14,275,12,3,7
80,20,0,0,0,0,0,0,0,722,41,545,6,181,21,3,4
80,20,0,0,0,0,0,0,0,746,50,410,23,278,37,5,8
80,20,0,0,0,0,0,0,0,835,62,532,19,213,31,1,6
80,20,0,0,0,0,0,0,0,728,50,544,21,292,33,2,2
80,20,0,0,0,0,0,0,0,752,57,482,19,284,34,2,2
80,20,0,0,0,0,0,0,0,801,39,586,19,209,34,3,7
80,20,0,0,0,0,0,0,0,804,36,464,24,262,25,3,6
80,20,0,0,0,0,0,0,0,873,59,502,6,271,39,1,8
80,20,0,0,0,0,0,0,0,715,62,413,12,211,39,5,8
80,20,0,0,0,0,0,0,0,711,61,501,13,184,33,3,4
80,20,0,0,0,0,0,0,0,881,58,666,7,374,33,2,10
80,20,0,0,0,0,0,0,0,849,32,612,7,311,30,4,9
80,20,0,0,0,0,0,0,0,817,62,478,7,257,34,3,7
80,20,0,0,0,0,0,0,0,796,40,593,19,345,27,2,4
80,20,0,0,0,0,0,0,0,760,63,440,10,243,22,2,2
80,20,0,0,0,0,0,0,0,753,39,501,22,241,22,1,1
80,20,0,0,0,0,0,0,0,749,45,556,9,273,31,3,4
80,20,0,0,0,0,0,0,0,779,35,529,15,266,16,5,9
80,20,0,0,0,0,0,0,0,761,36,440,19,295,32,3,4
80,20,0,0,0,0,0,0,0,747,59,516,22,232,35,2,2
80,20,0,0,0,0,0,0,0,874,38,593,19,260,32,1,9
80,20,0,0,0,0,0,0,0,855,42,656,9,267,16,1,7
80,20,0,0,0,0,0,0,0,887,61,671,6,386,19,1,7
80,20,0,0,0,0,0,0,0,856,44,662,11,352,12,1,8
80,20,0,0,0,0,0,0,0,712,65,518,15,220,20,5,8
80,20,0,0,0,0,0,0,0,719,66,532,11,243,38,3,4
80,20,0,0,0,0,0,0,0,906,34,522,11,248,32,1,7
80,20,0,0,0,0,0,0,0,753,32,469,13,260,33,4,6
80,20,0,0,0,0,0,0,0,859,36,503,14,279,20,3,9
80,20,0,0,0,0,0,0,0,784,57,605,19,297,34,1,2
80,20,0,0,0,0,0,0,0,714,59,388,15,233,30,1,0
80,20,0,0,0,0,0,0,0,721,30,561,11,275,29,5,8
80,20,0,0,0,0,0,0,0,886,66,493,19,236,16,2,7
80,20,0,0,0,0,0,0,0,762,52,524,12,204,19,1,2
80,20,0,0,0,0,0,0,0,1003,32,790,14,401,17,1,9
80,20,0,0,0,0,0,0,0,735,59,506,5,189,29,3,4
80,20,0,0,0,0,0,0,0,751,33,488,15,200,31,3,4
80,20,0,0,0,0,0,0,0,771,56,578,17,277,16,2,3
80,20,0,0,0,0,0,0,0,822,65,482,6,250,16,4,8
80,20,0,0,0,0,0,0,0,871,32,616,23,280,32,2,7
80,20,0,0,0,0,0,0,0,775,46,568,17,258,10,2,5
80,20,0,0,0,0,0,0,0,808,35,487,22,232,13,3,6
80,20,0,0,0,0,0,0,0,843,39,521,9,216,14,3,10
80,20,0,0,0,0,0,0,0,915,38,552,11,343,13,5,18
80,20,0,0,0,0,0,0,0,944,37,695,24,261,23,1,10
80,20,0,0,0,0,0,0,0,986,33,711,21,295,22,2,13
80,20,0,0,0,0,0,0,0,971,64,530,21,373,21,3,14
80,20,0,0,0,0,0,0,0,915,63,574,19,303,36,4,16
80,20,0,0,0,0,0,0,0,829,47,647,10,237,32,5,14
80,20,0,0,0,0,0,0,0,913,58,603,7,374,36,1,13
80,20,0,0,0,0,0,0,0,910,34,662,7,339,17,3,12
80,20,0,0,0,0,0,0,0,969,66,535,21,368,23,3,13
80,20,0,0,0,0,0,0,0,910,44,623,17,283,29,2,19
80,20,0,0,0,0,0,0,0,1059,33,574,21,377,16,3,16
80,20,0,0,0,0,0,0,0,1062,32,676,22,339,33,4,20
80,20,0,0,0,0,0,0,0,877,57,683,18,317,19,3,12
80,20,0,0,0,0,0,0,0,884,46,637,10,255,23,3,17
80,20,0,0,0,0,0,0,0,1092,31,815,23,350,38,2,14
80,20,0,0,0,0,0,0,0,1150,30,708,5,387,25,1,16
80,20,0,0,0,0,0,0,0,857,53,497,17,246,14,5,18
80,20,0,0,0,0,0,0,0,835,35,637,15,281,21,5,12
80,20,0,0,0,0,0,0,0,900,35,501,21,276,32,5,14
80,20,0,0,0,0,0,0,0,924,69,627,7,262,23,4,13
80,20,0,0,0,0,0,0,0,870,32,472,15,331,30,4,10
80,20,0,0,0,0,0,0,0,954,59,742,7,354,37,1,12
80,20,0,0,0,0,0,0,0,900,48,649,11,291,21,2,18
80,20,0,0,0,0,0,0,0,883,46,674,15,333,17,3,16
80,20,0,0,0,0,0,0,0,902,44,676,7,269,37,1,12
80,20,0,0,0,0,0,0,0,865,60,562,22,236,22,1,10
80,20,0,0,0,0,0,0,0,1110,67,606,13,376,30,1,14
80,20,0,0,0,0,0,0,0,995,35,580,11,275,11,5,20
80,20,0,0,0,0,0,0,0,860,32,501,16,290,26,5,11
80,20,0,0,0,0,0,0,0,789,45,564,20,323,18,5,12
80,20,0,0,0,0,0,0,0,1046,31,646,19,330,24,1,12
80,20,0,0,0,0,0,0,0,1001,56,738,8,316,22,1,20
80,20,0,0,0,0,0,0,0,1043,69,751,14,444,34,2,13
80,20,0,0,0,0,0,0,0,969,38,611,10,329,36,3,20
80,20,0,0,0,0,0,0,0,913,39,576,15,347,16,1,13
80,20,0,0,0,0,0,0,0,944,64,540,20,349,16,2,12
80,20,0,0,0,0,0,0,0,846,57,666,8,358,32,3,10
80,20,0,0,0,0,0,0,0,1043,43,806,18,293,14,1,20
80,20,0,0,0,0,0,0,0,862,32,667,12,234,10,5,11
80,20,0,0,0,0,0,0,0,995,31,766,6,267,23,4,14
80,20,0,0,0,0,0,0,0,845,37,468,6,287,11,4,10
80,20,0,0,0,0,0,0,0,858,42,574,16,252,20,1,10
80,20,0,0,0,0,0,0,0,979,63,750,10,356,32,3,16
80,20,0,0,0,0,0,0,0,984,65,555,13,279,20,2,13
80,20,0,0,0,0,0,0,0,842,57,589,7,216,30,5,16
80,20,0,0,0,0,0,0,0,879,40,670,16,266,21,4,14
80,20,0,0,0,0,0,0,0,917,41,685,18,324,11,2,14
80,20,0,0,0,0,0,0,0,1154,30,714,6,459,21,3,18
80,20,0,0,0,0,0,0,0,806,45,580,24,201,33,5,13
80,20,0,0,0,0,0,0,0,1030,41,808,11,417,32,3,20
80,20,0,0,0,0,0,0,0,963,54,702,20,264,33,2,20
80,20,0,0,0,0,0,0,0,921,42,602,11,375,34,1,15
80,20,0,0,0,0,0,0,0,1085,35,624,7,364,23,1,16
80,20,0,0,0,0,0,0,0,868,37,507,5,313,28,3,10
80,20,0,0,0,0,0,0,0,1204,32,667,9,348,38,2,18
80,20,0,0,0,0,0,0,0,1018,63,604,12,320,31,1,15
80,20,0,0,0,0,0,0,0,931,43,691,16,296,20,3,18
80,20,0,0,0,0,0,0,0,946,63,521,22,346,12,1,10
80,20,0,0,0,0,0,0,0,952,34,628,16,325,35,3,16
80,20,0,0,0,0,0,0,0,985,41,598,10,255,33,1,16
80,20,0,0,0,0,0,0,0,971,30,609,22,318,15,4,14
80,20,0,0,0,0,0,0,0,896,56,536,24,326,30,5,19
80,20,0,0,0,0,0,0,0,846,57,458,11,285,16,5,14
80,20,0,0,0,0,0,0,0,1131,31,674,12,428,38,1,16
80,20,0,0,0,0,0,0,0,962,30,700,11,403,35,4,13
80,20,0,0,0,0,0,0,0,888,54,605,7,231,18,4,20
80,20,0,0,0,0,0,0,0,946,30,632,16,390,35,3,12
80,20,0,0,0,0,0,0,0,1138,69,847,17,420,20,2,17
80,20,0,0,0,0,0,0,0,837,32,508,9,255,20,5,11
80,20,0,0,0,0,0,0,0,916,67,716,19,270,14,5,13
80,20,0,0,0,0,0,0,0,823,47,484,14,274,23,4,14
80,20,0,0,0,0,0,0,0,976,63,746,20,254,34,4,17
80,20,0,0,0,0,0,0,0,819,62,581,15,208,11,5,13
80,20,0,0,0,0,0,0,0,1032,33,643,6,406,26,5,20
80,20,0,0,0,0,0,0,0,878,37,547,24,333,20,2,10
80,20,0,0,0,0,0,0,0,978,53,531,11,375,12,1,17
80,20,0,0,0,0,0,0,0,1036,57,790,6,403,38,1,19
80,20,0,0,0,0,0,0,0,869,65,517,14,332,30,3,10
80,20,0,0,0,0,0,0,0,1165,69,841,24,461,17,1,15
80,20,0,0,0,0,0,0,0,863,43,638,13,261,26,3,13
80,20,0,0,0,0,0,0,0,843,45,591,7,319,13,3,13
80,20,0,0,0,0,0,0,0,1027,63,800,5,359,16,3,18
80,20,0,0,0,0,0,0,0,856,50,536,7,323,39,1,13
80,20,0,0,0,0,0,0,0,945,58,517,6,335,17,1,11
80,20,0,0,0,0,0,0,0,1081,36,854,9,309,32,1,14
80,20,0,0,0,0,0,0,0,1012,40,575,13,382,23,3,20
80,20,0,0,0,0,0,0,0,1364,30,1069,5,489,19,1,18
80,20,0,0,0,0,0,0,0,974,63,753,8,424,28,3,14
80,20,0,0,0,0,0,0,0,1195,64,939,22,514,13,2,20
80,20,0,0,0,0,0,0,0,949,35,539,12,258,17,1,10
80,20,0,0,0,0,0,0,0,1026,32,780,14,284,11,2,12
80,20,0,0,0,0,0,0,0,937,67,585,8,281,28,5,17
80,20,0,0,0,0,0,0,0,888,49,522,19,345,34,1,13
80,20,0,0,0,0,0,0,0,800,44,461,5,263,37,4,10
80,20,0,0,0,0,0,0,0,872,60,631,19,348,11,2,11
80,20,0,0,0,0,0,0,0,921,59,612,18,377,30,3,18
80,20,0,0,0,0,0,0,0,1161,31,874,17,494,15,2,16
80,20,0,0,0,0,0,0,0,857,39,550,23,287,16,3,12
80,20,0,0,0,0,0,0,0,957,66,720,16,283,19,5,17
80,20,0,0,0,0,0,0,0,1104,63,849,6,330,23,4,24
80,20,0,0,0,0,0,0,0,1069,53,830,8,415,31,4,30
80,20,0,0,0,0,0,0,0,929,47,678,15,343,11,2,21
80,20,0,0,0,0,0,0,0,1156,30,691,11,351,35,5,23
80,20,0,0,0,0,0,0,0,1354,33,762,13,526,37,3,29
80,20,0,0,0,0,0,0,0,1145,66,848,12,484,37,5,26
80,20,0,0,0,0,0,0,0,1046,34,733,16,287,39,3,20
80,20,0,0,0,0,0,0,0,1277,67,790,5,366,12,1,23
80,20,0,0,0,0,0,0,0,1235,35,682,10,477,32,5,29
80,20,0,0,0,0,0,0,0,1243,35,687,9,433,38,4,28
80,20,0,0,0,0,0,0,0,1197,35,933,16,427,34,5,29
80,20,0,0,0,0,0,0,0,1331,30,902,17,535,17,3,29
80,20,0,0,0,0,0,0,0,1001,55,652,14,317,22,1,26
80,20,0,0,0,0,0,0,0,1557,31,1203,5,618,14,2,24
80,20,0,0,0,0,0,0,0,963,49,627,5,241,17,3,26
80,20,0,0,0,0,0,0,0,956,59,551,5,269,17,4,20
80,20,0,0,0,0,0,0,0,1101,40,652,9,299,24,1,23
80,20,0,0,0,0,0,0,0,1112,45,857,8,402,21,1,26
80,20,0,0,0,0,0,0,0,1075,63,662,13,407,14,3,24
80,20,0,0,0,0,0,0,0,1208,59,941,13,500,22,1,27
80,20,0,0,0,0,0,0,0,1480,31,817,11,435,10,1,22
80,20,0,0,0,0,0,0,0,1388,68,873,10,365,33,1,30
80,20,0,0,0,0,0,0,0,1223,35,732,24,354,33,4,30
80,20,0,0,0,0,0,0,0,1082,39,732,20,343,23,2,29
80,20,0,0,0,0,0,0,0,1281,36,693,14,346,24,1,24
80,20,0,0,0,0,0,0,0,1194,60,655,23,360,10,4,29
80,20,0,0,0,0,0,0,0,948,54,632,6,350,20,5,28
80,20,0,0,0,0,0,0,0,940,47,711,9,295,17,5,25
80,20,0,0,0,0,0,0,0,1127,66,791,17,336,30,3,25
80,20,0,0,0,0,0,0,0,1271,65,997,13,468,12,5,30
80,20,0,0,0,0,0,0,0,937,48,668,17,265,24,4,25
80,20,0,0,0,0,0,0,0,1016,54,632,18,361,23,2,29
80,20,0,0,0,0,0,0,0,982,60,612,7,255,23,4,22
80,20,0,0,0,0,0,0,0,1252,67,746,15,349,12,4,29
80,20,0,0,0,0,0,0,0,1120,62,656,7,392,39,5,28
80,20,0,0,0,0,0,0,0,1162,37,776,7,307,38,1,26
80,20,0,0,0,0,0,0,0,887,55,525,21,224,25,5,20
80,20,0,0,0,0,0,0,0,1237,66,972,12,523,38,4,25
80,20,0,0,0,0,0,0,0,1149,32,750,20,311,13,2,21
80,20,0,0,0,0,0,0,0,1229,61,927,11,309,11,2,28
80,20,0,0,0,0,0,0,0,998,59,613,19,336,11,3,24
80,20,0,0,0,0,0,0,0,1297,39,708,13,499,28,1,30
80,20,0,0,0,0,0,0,0,930,53,604,15,288,31,4,28
80,20,0,0,0,0,0,0,0,1178,30,765,5,408,35,3,22
80,20,0,0,0,0,0,0,0,1040,42,568,13,289,12,2,20
80,20,0,0,0,0,0,0,0,1017,68,665,19,301,29,5,21
80,20,0,0,0,0,0,0,0,1092,64,607,23,344,28,3,20
80,20,0,0,0,0,0,0,0,1043,32,652,16,334,17,5,22
80,20,0,0,0,0,0,0,0,1156,42,676,12,309,13,1,27
80,20,0,0,0,0,0,0,0,1128,39,716,20,307,16,1,27
80,20,0,0,0,0,0,0,0,1144,34,901,9,286,38,4,21
80,20,0,0,0,0,0,0,0,1195,32,855,8,313,11,2,21
80,20,0,0,0,0,0,0,0,931,52,594,6,380,21,2,20
80,20,0,0,0,0,0,0,0,1016,58,706,16,316,16,4,30
80,20,0,0,0,0,0,0,0,1310,67,964,15,539,30,2,28
80,20,0,0,0,0,0,0,0,1057,46,791,5,341,24,1,25
80,20,0,0,0,0,0,0,0,1107,36,678,16,322,33,3,25
80,20,0,0,0,0,0,0,0,1255,69,728,12,411,35,5,28
80,20,0,0,0,0,0,0,0,1059,44,721,5,280,18,2,28
80,20,0,0,0,0,0,0,0,1511,32,834,9,535,19,1,26
80,20,0,0,0,0,0,0,0,1102,39,729,9,393,23,2,30
80,20,0,0,0,0,0,0,0,1235,68,756,11,427,35,3,26
80,20,0,0,0,0,0,0,0,1191,66,814,21,451,36,1,25
80,20,0,0,0,0,0,0,0,1041,58,629,17,294,26,1,22
80,20,0,0,0,0,0,0,0,1522,30,867,5,462,37,1,23
80,20,0,0,0,0,0,0,0,1085,58,818,10,434,30,4,28
80,20,0,0,0,0,0,0,0,973,55,572,9,309,33,5,26
80,20,0,0,0,0,0,0,0,1221,69,889,8,314,35,4,23
80,20,0,0,0,0,0,0,0,1054,64,831,24,415,12,5,20
80,20,0,0,0,0,0,0,0,1093,58,597,7,361,29,1,21
80,20,0,0,0,0,0,0,0,1109,66,651,5,405,10,5,24
80,20,0,0,0,0,0,0,0,1035,42,623,13,374,31,3,27
80,20,0,0,0,0,0,0,0,941,52,614,15,278,23,1,24
80,20,0,0,0,0,0,0,0,1224,35,891,17,383,12,2,28
80,20,0,0,0,0,0,0,0,1089,58,641,15,422,10,3,30
80,20,0,0,0,0,0,0,0,1386,32,1083,12,443,14,3,29
80,20,0,0,0,0,0,0,0,1030,56,796,21,378,37,3,24
80,20,0,0,0,0,0,0,0,1013,32,632,17,346,20,5,20
80,20,0,0,0,0,0,0,0,991,51,591,14,384,15,4,30
80,20,0,0,0,0,0,0,0,1245,39,703,12,321,14,2,29
80,20,0,0,0,0,0,0,0,1332,33,740,9,410,23,1,24
80,20,0,0,0,0,0,0,0,1316,69,1041,15,489,12,1,20
80,20,0,0,0,0,0,0,0,1016,42,612,17,398,13,4,26
80,20,0,0,0,0,0,0,0,1139,64,673,17,312,14,5,29
80,20,0,0,0,0,0,0,0,1156,31,696,17,289,25,5,25
80,20,0,0,0,0,0,0,0,940,48,607,18,257,33,3,26
80,20,0,0,0,0,0,0,0,1172,67,871,22,387,34,4,24
80,20,0,0,0,0,0,0,0,1156,34,804,13,463,39,3,24
80,20,0,0,0,0,0,0,0,1318,31,843,21,474,23,2,28
80,20,0,0,0,0,0,0,0,989,43,722,10,412,34,5,25
80,20,0,0,0,0,0,0,0,1280,65,761,14,390,34,1,29
80,20,0,0,0,0,0,0,0,1194,67,819,8,402,39,3,27
80,20,0,0,0,0,0,0,0,1346,35,802,6,462,37,1,29
80,20,0,0,0,0,0,0,0,1122,36,770,24,340,20,2,25
80,20,0,0,0,0,0,0,0,944,61,602,15,297,34,5,24
80,20,0,0,0,0,0,0,0,1303,68,709,5,493,36,4,24
80,20,0,0,0,0,0,0,0,1620,30,959,10,606,31,1,26
80,20,0,0,0,0,0,0,0,964,54,726,18,253,16,2,20
80,20,0,0,0,0,0,0,0,1186,37,682,6,430,12,2,24
80,20,0,0,0,0,0,0,0,1014,43,660,14,381,17,3,28
80,20,0,0,0,0,0,0,0,1066,45,781,15,400,11,3,32
80,20,0,0,0,0,0,0,0,1480,68,1049,12,535,33,3,36
80,20,0,0,0,0,0,0,0,1354,35,769,9,418,27,5,37
80,20,0,0,0,0,0,0,0,1547,34,1086,21,619,11,2,36
80,20,0,0,0,0,0,0,0,1248,59,726,24,410,35,2,34
80,20,0,0,0,0,0,0,0,1424,30,889,16,549,15,3,32
80,20,0,0,0,0,0,0,0,1638,68,920,11,495,23,2,30
80,20,0,0,0,0,0,0,0,1135,62,733,23,300,28,5,33
80,20,0,0,0,0,0,0,0,1567,36,1148,20,397,25,2,40
80,20,0,0,0,0,0,0,0,1557,65,1229,12,623,22,2,32
80,20,0,0,0,0,0,0,0,1395,32,856,19,522,15,4,35
80,20,0,0,0,0,0,0,0,1464,64,1066,24,373,28,1,35
80,20,0,0,0,0,0,0,0,1537,67,866,24,429,14,5,34
80,20,0,0,0,0,0,0,0,1372,67,903,11,420,10,4,40
80,20,0,0,0,0,0,0,0,1209,61,877,5,318,33,5,35
80,20,0,0,0,0,0,0,0,1438,37,795,8,398,29,4,39
80,20,0,0,0,0,0,0,0,1071,58,718,21,381,27,4,35
80,20,0,0,0,0,0,0,0,1323,60,722,15,419,27,2,38
80,20,0,0,0,0,0,0,0,1120,36,760,7,357,22,5,32
80,20,0,0,0,0,0,0,0,1088,48,645,9,400,20,3,35
80,20,0,0,0,0,0,0,0,1097,46,783,8,308,22,5,39
80,20,0,0,0,0,0,0,0,1322,37,907,23,513,30,1,36
80,20,0,0,0,0,0,0,0,1017,57,656,14,402,17,5,31
80,20,0,0,0,0,0,0,0,1395,68,876,14,535,26,5,39
80,20,0,0,0,0,0,0,0,988,53,639,14,247,13,4,30
80,20,0,0,0,0,0,0,0,1175,44,920,23,439,28,4,35
80,20,0,0,0,0,0,0,0,1501,30,1039,17,395,14,4,34
80,20,0,0,0,0,0,0,0,1145,45,640,12,371,33,3,34
80,20,0,0,0,0,0,0,0,1287,58,1013,11,527,36,4,37
80,20,0,0,0,0,0,0,0,1263,43,964,21,494,34,3,38
80,20,0,0,0,0,0,0,0,1007,48,755,12,345,30,5,32
80,20,0,0,0,0,0,0,0,1265,45,963,14,472,16,1,40
80,20,0,0,0,0,0,0,0,1107,52,774,23,289,18,2,36
80,20,0,0,0,0,0,0,0,1221,63,799,5,375,35,5,37
80,20,0,0,0,0,0,0,0,1226,63,824,8,368,15,4,38
80,20,0,0,0,0,0,0,0,1250,63,916,24,465,35,3,32
80,20,0,0,0,0,0,0,0,1224,39,847,5,510,14,5,38
80,20,0,0,0,0,0,0,0,1114,64,721,18,394,29,5,33
80,20,0,0,0,0,0,0,0,1149,58,764,11,411,32,3,40
80,20,0,0,0,0,0,0,0,1211,59,884,10,505,23,3,35
80,20,0,0,0,0,0,0,0,1533,31,961,8,539,27,1,31
80,20,0,0,0,0,0,0,0,1531,34,931,7,403,29,1,32
80,20,0,0,0,0,0,0,0,1308,67,985,9,469,27,4,31
80,20,0,0,0,0,0,0,0,1082,48,642,11,413,15,2,32
80,20,0,0,0,0,0,0,0,1148,57,893,19,486,14,4,31
80,20,0,0,0,0,0,0,0,1249,62,801,8,450,18,1,35
80,20,0,0,0,0,0,0,0,1201,40,884,22,409,20,4,37
80,20,0,0,0,0,0,0,0,1057,49,746,9,376,25,2,35
80,20,0,0,0,0,0,0,0,1228,38,963,9,337,17,5,33
80,20,0,0,0,0,0,0,0,1026,51,690,18,292,38,4,36
80,20,0,0,0,0,0,0,0,1630,30,1093,22,537,22,2,34
80,20,0,0,0,0,0,0,0,1315,32,1006,20,395,36,5,30
80,20,0,0,0,0,0,0,0,1357,67,752,22,409,30,4,30
80,20,0,0,0,0,0,0,0,1325,36,972,11,543,24,2,32
80,20,0,0,0,0,0,0,0,1291,30,844,14,504,34,5,32
80,20,0,0,0,0,0,0,0,1642,35,1253,9,584,15,1,33
80,20,0,0,0,0,0,0,0,1405,35,839,16,470,25,2,40
80,20,0,0,0,0,0,0,0,1464,66,1121,17,424,15,1,30
80,20,0,0,0,0,0,0,0,1105,59,732,21,347,10,3,34
80,20,0,0,0,0,0,0,0,1141,48,856,10,435,31,2,36
80,20,0,0,0,0,0,0,0,1387,34,827,17,538,20,1,32
80,20,0,0,0,0,0,0,0,1307,58,721,8,403,39,1,34
80,20,0,0,0,0,0,0,0,1500,34,1053,20,448,25,1,38
80,20,0,0,0,0,0,0,0,1042,47,709,21,283,18,2,32
80,20,0,0,0,0,0,0,0,1054,48,667,11,373,21,3,37
80,20,0,0,0,0,0,0,0,1345,36,974,5,551,39,5,37
80,20,0,0,0,0,0,0,0,1241,32,814,20,434,20,5,34
80,20,0,0,0,0,0,0,0,1520,34,827,15,480,13,3,34
80,20,0,0,0,0,0,0,0,1452,34,947,22,481,17,1,38
80,20,0,0,0,0,0,0,0,983,48,740,16,347,37,5,30
80,20,0,0,0,0,0,0,0,1072,51,632,12,307,37,4,35
80,20,0,0,0,0,0,0,0,1582,38,872,20,435,19,2,39
80,20,0,0,0,0,0,0,0,1380,38,793,13,401,14,3,40
80,20,0,0,0,0,0,0,0,1024,44,732,14,274,31,5,31
80,20,0,0,0,0,0,0,0,1629,69,1019,6,417,37,3,31
80,20,0,0,0,0,0,0,0,1216,60,961,19,386,36,4,32
80,20,0,0,0,0,0,0,0,1603,30,1220,10,678,35,5,31
80,20,0,0,0,0,0,0,0,1553,67,935,12,581,17,2,35
80,20,0,0,0,0,0,0,0,1498,68,890,9,533,37,3,32
80,20,0,0,0,0,0,0,0,1240,61,838,24,458,29,1,36
80,20,0,0,0,0,0,0,0,1229,39,757,12,426,39,1,33
80,20,0,0,0,0,0,0,0,1189,54,724,10,372,35,1,38
80,20,0,0,0,0,0,0,0,1241,59,711,23,414,10,5,39
80,20,0,0,0,0,0,0,0,1130,45,664,13,293,19,4,36
80,20,0,0,0,0,0,0,0,1344,59,1048,7,475,29,2,38
80,20,0,0,0,0,0,0,0,1386,33,867,20,423,24,4,38
80,20,0,0,0,0,0,0,0,1171,44,670,16,403,22,3,38
80,20,0,0,0,0,0,0,0,1194,35,766,9,360,39,5,34
80,20,0,0,0,0,0,0,0,1449,33,799,13,437,38,5,34
80,20,0,0,0,0,0,0,0,1312,43,730,5,483,32,1,36
80,20,0,0,0,0,0,0,0,1284,65,847,14,359,31,3,38
80,20,0,0,0,0,0,0,0,1326,36,991,11,544,21,4,35
80,20,0,0,0,0,0,0,0,1682,35,931,16,574,32,2,38
80,20,0,0,0,0,0,0,0,1194,41,840,9,476,35,1,32
80,20,0,0,0,0,0,0,0,1261,69,812,14,332,39,5,30
80,20,0,0,0,0,0,0,0,1252,61,773,16,337,20,2,37
80,20,0,0,0,0,0,0,0,1267,41,973,16,413,21,2,37
80,20,0,0,0,0,0,0,0,1292,65,1012,19,361,28,5,31
80,20,0,0,0,0,0,0,0,1152,43,737,11,430,16,2,38
80,20,0,0,0,0,0,0,0,1433,32,828,23,561,27,5,33
80,20,0,0,0,0,0,0,0,1499,46,1119,5,647,29,1,50
80,20,0,0,0,0,0,0,0,1311,36,878,15,348,19,4,44
80,20,0,0,0,0,0,0,0,1270,43,778,17,326,19,4,47
80,20,0,0,0,0,0,0,0,1325,53,1024,17,471,10,2,47
80,20,0,0,0,0,0,0,0,1589,62,953,14,424,21,1,45
80,20,0,0,0,0,0,0,0,1457,57,833,7,521,17,2,47
80,20,0,0,0,0,0,0,0,1228,52,711,13,362,24,2,46
80,20,0,0,0,0,0,0,0,1515,68,935,24,515,25,5,40
80,20,0,0,0,0,0,0,0,1331,42,775,17,416,21,1,43
80,20,0,0,0,0,0,0,0,1102,55,748,18,358,21,4,42
80,20,0,0,0,0,0,0,0,1269,59,812,15,375,20,2,46
80,20,0,0,0,0,0,0,0,1379,35,926,16,495,25,4,49
80,20,0,0,0,0,0,0,0,1324,57,805,11,347,39,5,50
80,20,0,0,0,0,0,0,0,1235,45,730,14,371,28,5,49
80,20,0,0,0,0,0,0,0,1175,45,801,8,309,19,2,42
80,20,0,0,0,0,0,0,0,1659,63,1044,11,430,15,1,43
80,20,0,0,0,0,0,0,0,1535,59,1114,10,648,22,1,48
80,20,0,0,0,0,0,0,0,1280,40,868,22,413,11,2,43
80,20,0,0,0,0,0,0,0,1519,41,848,10,457,37,5,50
80,20,0,0,0,0,0,0,0,1381,64,956,14,439,29,4,48
80,20,0,0,0,0,0,0,0,1330,42,782,10,383,14,1,40
80,20,0,0,0,0,0,0,0,1599,63,954,11,510,36,3,47
80,20,0,0,0,0,0,0,0,1627,64,1056,22,415,18,3,46
80,20,0,0,0,0,0,0,0,1098,52,748,14,415,34,5,47
80,20,0,0,0,0,0,0,0,1463,62,1038,10,372,27,3,47
80,20,0,0,0,0,0,0,0,1154,43,715,14,338,34,5,42
80,20,0,0,0,0,0,0,0,1238,50,967,7,449,14,5,49
80,20,0,0,0,0,0,0,0,1548,44,1200,18,683,28,1,45
80,20,0,0,0,0,0,0,0,1375,64,938,13,439,38,2,45
80,20,0,0,0,0,0,0,0,1604,58,1217,18,429,23,1,48
80,20,0,0,0,0,0,0,0,1576,36,1078,23,423,10,2,42
80,20,0,0,0,0,0,0,0,1319,63,900,12,549,28,5,45
80,20,0,0,0,0,0,0,0,1275,46,980,15,349,14,1,41
80,20,0,0,0,0,0,0,0,1351,58,1055,20,483,39,5,45
80,20,0,0,0,0,0,0,0,1338,44,940,21,339,27,1,48
80,20,0,0,0,0,0,0,0,1140,50,783,14,456,20,2,47
80,20,0,0,0,0,0,0,0,1006,50,640,17,337,21,5,40
80,20,0,0,0,0,0,0,0,1479,62,1085,21,626,18,2,41
80,20,0,0,0,0,0,0,0,1335,44,992,16,553,31,2,46
80,20,0,0,0,0,0,0,0,1582,61,922,20,413,32,5,49
80,20,0,0,0,0,0,0,0,1271,56,903,12,487,24,3,49
80,20,0,0,0,0,0,0,0,1294,61,851,21,490,11,3,44
80,20,0,0,0,0,0,0,0,1130,48,803,11,347,32,2,41
80,20,0,0,0,0,0,0,0,1172,45,850,15,358,25,1,40
80,20,0,0,0,0,0,0,0,1686,36,961,14,476,12,4,43
80,20,0,0,0,0,0,0,0,1220,58,730,9,371,37,5,41
80,20,0,0,0,0,0,0,0,1573,45,852,9,409,14,1,45
80,20,0,0,0,0,0,0,0,1403,63,1101,19,426,34,5,40
80,20,0,0,0,0,0,0,0,1635,62,920,6,466,20,5,45
80,20,0,0,0,0,0,0,0,1533,66,1052,10,454,24,5,47
80,20,0,0,0,0,0,0,0,1430,58,1076,24,625,29,1,40
80,20,0,0,0,0,0,0,0,1673,42,1308,9,610,26,2,49
80,20,0,0,0,0,0,0,0,1555,65,927,11,548,29,2,41
80,20,0,0,0,0,0,0,0,1617,35,921,15,557,28,2,40
80,20,0,0,0,0,0,0,0,1275,55,706,9,403,32,4,45
80,20,0,0,0,0,0,0,0,1504,62,970,21,548,35,1,47
80,20,0,0,0,0,0,0,0,1310,45,982,7,449,24,3,49
80,20,0,0,0,0,0,0,0,1342,61,846,9,459,17,2,45
80,20,0,0,0,0,0,0,0,1573,58,853,7,418,26,1,41
80,20,0,0,0,0,0,0,0,1167,55,767,5,365,21,5,48
80,20,0,0,0,0,0,0,0,1402,39,780,13,495,30,2,41
80,20,0,0,0,0,0,0,0,1473,59,1076,24,476,15,2,49
80,20,0,0,0,0,0,0,0,1434,38,918,9,500,36,2,48
80,20,0,0,0,0,0,0,0,1595,37,980,16,468,16,4,50
80,20,0,0,0,0,0,0,0,1242,39,752,11,437,36,5,41
80,20,0,0,0,0,0,0,0,1480,60,1089,16,566,34,2,48
80,20,0,0,0,0,0,0,0,1569,58,881,20,421,39,1,43
80,20,0,0,0,0,0,0,0,1519,39,1076,22,540,18,1,47
80,20,0,0,0,0,0,0,0,1638,68,1076,19,454,31,3,42
80,20,0,0,0,0,0,0,0,1499,65,1048,7,410,17,3,41
80,20,0,0,0,0,0,0,0,1434,35,900,15,471,33,4,47
80,20,0,0,0,0,0,0,0,1665,65,1026,20,637,20,4,46
80,20,0,0,0,0,0,0,0,1350,39,973,24,534,28,4,42
80,20,0,0,0,0,0,0,0,1602,63,953,20,454,14,3,44
80,20,0,0,0,0,0,0,0,1604,65,967,19,594,19,2,41
80,20,0,0,0,0,0,0,0,1411,58,783,10,361,38,4,45
80,20,0,0,0,0,0,0,0,1524,64,1041,12,591,26,4,50
80,20,0,0,0,0,0,0,0,1602,61,924,15,552,30,1,48
80,20,0,0,0,0,0,0,0,1561,36,1126,8,452,38,4,44
80,20,0,0,0,0,0,0,0,1340,38,890,12,500,31,4,50
80,20,0,0,0,0,0,0,0,1579,64,870,13,540,31,4,42
80,20,0,0,0,0,0,0,0,1460,34,990,7,505,11,5,46
80,20,0,0,0,0,0,0,0,1510,63,1096,8,603,28,2,40
80,20,0,0,0,0,0,0,0,1179,50,853,5,501,19,2,41
80,20,0,0,0,0,0,0,0,1446,53,1143,5,531,25,1,48
80,20,0,0,0,0,0,0,0,1565,64,1038,20,485,10,2,48
80,20,0,0,0,0,0,0,0,1202,52,863,10,345,23,3,48
80,20,0,0,0,0,0,0,0,1531,34,1030,21,442,17,4,45
80,20,0,0,0,0,0,0,0,1059,49,707,21,340,37,3,40
80,20,0,0,0,0,0,0,0,1295,42,844,16,460,10,2,50
80,20,0,0,0,0,0,0,0,1530,37,875,8,457,23,5,45
80,20,0,0,0,0,0,0,0,1384,63,1016,6,509,23,4,42
80,20,0,0,0,0,0,0,0,1098,49,746,8,284,34,4,42
80,20,0,0,0,0,0,0,0,1609,39,1113,7,430,32,2,50
80,20,0,0,0,0,0,0,0,1217,52,956,14,469,18,5,46
80,20,0,0,0,0,0,0,0,1640,37,1181,5,694,28,5,47
80,20,0,0,0,0,0,0,0,1428,59,1109,10,408,37,4,45
80,20,0,0,0,0,0,0,0,1351,39,886,21,454,19,1,46
80,20,0,0,0,0,0,0,0,1348,42,971,21,567,39,2,42
80,20,0,0,0,0,0,0,0,1142,47,817,6,412,34,5,44
80,20,0,0,0,0,0,0,0,1361,45,840,22,518,15,3,54
80,20,0,0,0,0,0,0,0,1243,50,805,14,339,22,1,57
80,20,0,0,0,0,0,0,0,1413,46,1088,10,546,25,2,54
80,20,0,0,0,0,0,0,0,1255,45,827,19,385,35,1,50
80,20,0,0,0,0,0,0,0,1620,42,1193,18,518,34,3,59
80,20,0,0,0,0,0,0,0,1290,52,874,9,401,27,1,59
80,20,0,0,0,0,0,0,0,1128,48,777,11,386,37,5,50
80,20,0,0,0,0,0,0,0,1362,41,882,5,498,10,4,51
80,20,0,0,0,0,0,0,0,1267,51,768,17,486,12,4,55
80,20,0,0,0,0,0,0,0,1504,44,821,5,526,25,3,51
80,20,0,0,0,0,0,0,0,1402,45,808,11,430,30,5,60
80,20,0,0,0,0,0,0,0,1332,45,822,14,404,21,1,55
80,20,0,0,0,0,0,0,0,1638,43,973,23,641,23,1,51
80,20,0,0,0,0,0,0,0,1488,59,1051,12,490,34,2,57
80,20,0,0,0,0,0,0,0,1616,42,877,10,502,35,4,50
80,20,0,0,0,0,0,0,0,1543,43,1218,23,553,20,4,50
80,20,0,0,0,0,0,0,0,1469,43,906,13,456,15,1,57
80,20,0,0,0,0,0,0,0,1452,58,1006,12,420,35,2,58
80,20,0,0,0,0,0,0,0,1450,63,967,18,442,28,5,57
80,20,0,0,0,0,0,0,0,1643,62,1268,15,556,30,5,52
80,20,0,0,0,0,0,0,0,1385,52,835,9,514,37,2,58
80,20,0,0,0,0,0,0,0,1343,52,984,16,411,19,1,58
80,20,0,0,0,0,0,0,0,1388,55,818,16,364,29,4,58
80,20,0,0,0,0,0,0,0,1426,44,819,12,453,36,1,50
80,20,0,0,0,0,0,0,0,1441,49,1099,24,552,12,2,55
80,20,0,0,0,0,0,0,0,1655,63,1020,15,459,12,4,50
80,20,0,0,0,0,0,0,0,1429,60,984,12,424,17,5,60
80,20,0,0,0,0,0,0,0,1511,57,881,14,461,24,4,60
80,20,0,0,0,0,0,0,0,1437,50,785,23,512,39,4,59
80,20,0,0,0,0,0,0,0,1557,46,908,6,615,15,3,57
80,20,0,0,0,0,0,0,0,1372,43,1012,21,572,19,5,52
80,20,0,0,0,0,0,0,0,1439,38,958,19,565,39,3,51
80,20,0,0,0,0,0,0,0,1598,42,1149,9,470,10,3,56
80,20,0,0,0,0,0,0,0,1542,60,1199,11,518,25,4,50
80,20,0,0,0,0,0,0,0,1420,60,939,20,397,37,3,55
80,20,0,0,0,0,0,0,0,1314,43,807,7,432,23,4,51
80,20,0,0,0,0,0,0,0,1571,58,1140,18,626,37,2,53
80,20,0,0,0,0,0,0,0,1550,46,1190,24,524,24,1,54
80,20,0,0,0,0,0,0,0,1475,59,948,9,547,13,4,59
80,20,0,0,0,0,0,0,0,1425,44,1083,20,615,12,5,52
80,20,0,0,0,0,0,0,0,1439,53,1137,16,502,14,2,54
80,20,0,0,0,0,0,0,0,1278,55,805,21,443,23,1,50
80,20,0,0,0,0,0,0,0,1426,61,862,11,441,22,4,51
80,20,0,0,0,0,0,0,0,1245,54,900,17,382,16,4,51
80,20,0,0,0,0,0,0,0,1659,41,1030,22,571,39,4,60
80,20,0,0,0,0,0,0,0,1646,44,962,9,478,31,1,54
80,20,0,0,0,0,0,0,0,1303,42,876,16,443,31,4,58
80,20,0,0,0,0,0,0,0,1480,43,1128,9,507,21,5,57
80,20,0,0,0,0,0,0,0,1267,45,885,12,408,31,3,54
80,20,0,0,0,0,0,0,0,1600,62,976,9,470,39,5,50
80,20,0,0,0,0,0,0,0,1353,46,1008,19,423,23,5,60
80,20,0,0,0,0,0,0,0,1561,46,892,8,533,11,3,59
80,20,0,0,0,0,0,0,0,1430,47,798,6,389,30,5,56
80,20,0,0,0,0,0,0,0,1466,49,1105,22,641,37,3,57
80,20,0,0,0,0,0,0,0,1336,56,952,10,418,31,5,58
80,20,0,0,0,0,0,0,0,1647,64,1028,13,651,19,5,52
80,20,0,0,0,0,0,0,0,1639,58,1261,14,457,37,4,54
80,20,0,0,0,0,0,0,0,1612,61,1167,17,471,37,5,56
80,20,0,0,0,0,0,0,0,1611,35,1119,13,631,29,5,51
80,20,0,0,0,0,0,0,0,1486,46,1093,11,409,32,3,60
80,20,0,0,0,0,0,0,0,1445,54,1089,9,365,20,1,52
80,20,0,0,0,0,0,0,0,1379,49,794,21,527,25,2,58
80,20,0,0,0,0,0,0,0,1428,62,976,6,526,29,5,53
80,20,0,0,0,0,0,0,0,1426,40,926,14,524,29,1,55
80,20,0,0,0,0,0,0,0,1676,42,975,18,517,17,3,57
80,20,0,0,0,0,0,0,0,1306,59,825,22,409,17,5,50
80,20,0,0,0,0,0,0,0,1261,52,729,17,410,20,5,55
80,20,0,0,0,0,0,0,0,1285,48,960,10,409,25,2,53
80,20,0,0,0,0,0,0,0,1587,39,1135,8,616,24,5,55
80,20,0,0,0,0,0,0,0,1499,55,879,17,381,12,1,52
80,20,0,0,0,0,0,0,0,1401,59,906,9,475,14,1,53
80,20,0,0,0,0,0,0,0,1447,56,1077,10,472,22,1,55
80,20,0,0,0,0,0,0,0,1298,51,788,20,505,23,2,54
80,20,0,0,0,0,0,0,0,1592,40,1055,9,466,13,1,56
80,20,0,0,0,0,0,0,0,1462,57,868,13,518,10,1,51
80,20,0,0,0,0,0,0,0,1285,49,903,5,491,27,3,56
80,20,0,0,0,0,0,0,0,1213,50,740,11,440,25,4,56
80,20,0,0,0,0,0,0,0,1589,61,1090,15,552,37,3,60
80,20,0,0,0,0,0,0,0,1428,42,889,23,367,10,3,51
80,20,0,0,0,0,0,0,0,1209,51,734,19,422,24,5,56
80,20,0,0,0,0,0,0,0,1503,43,1140,8,591,12,5,53
80,20,0,0,0,0,0,0,0,1283,48,871,5,404,19,1,54
80,20,0,0,0,0,0,0,0,1600,49,892,11,453,22,1,60
80,20,0,0,0,0,0,0,0,1341,45,794,7,516,37,5,52
80,20,0,0,0,0,0,0,0,1300,47,964,9,444,35,2,50
80,20,0,0,0,0,0,0,0,1541,56,927,23,595,14,4,58
80,20,0,0,0,0,0,0,0,1476,60,1026,20,492,12,1,52
80,20,0,0,0,0,0,0,0,1521,61,963,18,468,20,4,58
80,20,0,0,0,0,0,0,0,1530,54,893,21,387,26,1,54
80,20,0,0,0,0,0,0,0,1366,52,1025,17,343,23,3,57
80,20,0,0,0,0,0,0,0,1389,51,1064,21,587,10,2,51
80,20,0,0,0,0,0,0,0,1684,58,1299,10,505,14,4,54
80,20,0,0,0,0,0,0,0,1347,44,976,12,387,38,5,56
80,20,0,0,0,0,0,0,0,1577,38,1114,18,490,13,3,52
80,20,0,0,0,0,0,0,0,1687,63,1163,12,656,10,3,51
80,20,0,0,0,0,0,0,0,1468,45,1137,14,543,37,1,50
80,20,0,0,0,0,0,0,0,1337,50,1054,9,339,11,5,52
80,20,0,0,0,0,0,0,0,1304,48,707,17,416,13,5,53
80,20,0,0,0,0,0,0,0,1513,55,1090,22,534,12,2,60
80,20,0,0,0,0,0,0,0,1368,45,1064,15,406,13,5,54
80,20,0,0,0,0,0,0,0,1462,50,864,7,563,33,4,67
80,20,0,0,0,0,0,0,0,1582,43,1055,24,582,18,1,62
80,20,0,0,0,0,0,0,0,1605,50,1229,19,651,33,4,67
80,20,0,0,0,0,0,0,0,1593,55,1104,5,481,31,5,70
80,20,0,0,0,0,0,0,0,1428,55,966,5,453,38,4,67
80,20,0,0,0,0,0,0,0,1649,60,1125,21,631,23,5,64
80,20,0,0,0,0,0,0,0,1686,44,1236,11,651,38,5,64
80,20,0,0,0,0,0,0,0,1354,45,867,23,474,31,5,62
80,20,0,0,0,0,0,0,0,1634,51,950,9,541,34,1,66
80,20,0,0,0,0,0,0,0,1516,44,1049,18,605,32,1,60
80,20,0,0,0,0,0,0,0,1645,47,1167,21,664,18,3,69
80,20,0,0,0,0,0,0,0,1636,57,938,16,523,31,4,61
80,20,0,0,0,0,0,0,0,1546,58,1020,6,581,23,3,61
80,20,0,0,0,0,0,0,0,1670,47,966,12,642,31,4,66
80,20,0,0,0,0,0,0,0,1410,56,883,21,476,17,5,67
80,20,0,0,0,0,0,0,0,1443,51,1128,17,383,21,5,63
80,20,0,0,0,0,0,0,0,1447,55,875,12,510,16,4,65
80,20,0,0,0,0,0,0,0,1686,56,1245,18,656,19,5,65
80,20,0,0,0,0,0,0,0,1498,57,962,12,515,38,4,67
80,20,0,0,0,0,0,0,0,1396,50,1065,16,451,27,1,64
80,20,0,0,0,0,0,0,0,1441,54,836,17,502,15,3,61
80,20,0,0,0,0,0,0,0,1344,53,806,14,442,26,4,64
80,20,0,0,0,0,0,0,0,1332,55,903,17,384,21,5,67
80,20,0,0,0,0,0,0,0,1327,49,926,10,435,12,4,68
80,20,0,0,0,0,0,0,0,1496,47,1074,12,591,13,2,63
80,20,0,0,0,0,0,0,0,1437,49,842,6,525,14,3,61
80,20,0,0,0,0,0,0,0,1568,60,1111,16,558,24,4,61
80,20,0,0,0,0,0,0,0,1666,53,1229,23,654,34,4,67
80,20,0,0,0,0,0,0,0,1587,50,1235,15,539,14,2,68
80,20,0,0,0,0,0,0,0,1334,49,971,11,416,37,5,65
80,20,0,0,0,0,0,0,0,1602,49,1189,21,565,35,3,70
80,20,0,0,0,0,0,0,0,1642,55,1003,7,504,31,5,68
80,20,0,0,0,0,0,0,0,1634,44,1103,6,607,33,4,70
80,20,0,0,0,0,0,0,0,1560,52,1144,9,398,10,2,60
80,20,0,0,0,0,0,0,0,1465,52,1065,8,622,26,5,65
80,20,0,0,0,0,0,0,0,1455,53,1085,13,589,33,4,62
80,20,0,0,0,0,0,0,0,1552,52,886,6,504,38,3,61
80,20,0,0,0,0,0,0,0,1465,50,1128,11,559,21,3,64
80,20,0,0,0,0,0,0,0,1618,51,1246,20,437,18,5,67
80,20,0,0,0,0,0,0,0,1494,55,1039,20,507,16,2,67
80,20,0,0,0,0,0,0,0,1689,52,989,7,561,24,2,69
80,20,0,0,0,0,0,0,0,1623,51,1222,18,590,18,2,68
80,20,0,0,0,0,0,0,0,1436,54,867,7,442,30,2,60
80,20,0,0,0,0,0,0,0,1383,46,905,16,351,19,2,64
80,20,0,0,0,0,0,0,0,1678,42,1115,19,670,35,3,66
80,20,0,0,0,0,0,0,0,1441,54,849,5,440,24,5,63
80,20,0,0,0,0,0,0,0,1542,53,1184,11,449,28,3,60
80,20,0,0,0,0,0,0,0,1510,45,1017,18,568,15,2,69
80,20,0,0,0,0,0,0,0,1457,44,1062,16,475,17,2,60
80,20,0,0,0,0,0,0,0,1389,52,828,20,442,36,5,66
80,20,0,0,0,0,0,0,0,1526,55,948,18,459,27,2,65
80,20,0,0,0,0,0,0,0,1520,56,1017,16,445,33,1,68
80,20,0,0,0,0,0,0,0,1625,41,1048,18,430,18,5,64
80,20,0,0,0,0,0,0,0,1325,52,931,18,493,38,4,63
80,20,0,0,0,0,0,0,0,1628,44,1128,14,439,35,3,67
80,20,0,0,0,0,0,0,0,1528,48,858,23,453,21,5,63
80,20,0,0,0,0,0,0,0,1453,50,892,13,563,35,1,68
80,20,0,0,0,0,0,0,0,1455,55,930,18,549,27,2,66
80,20,0,0,0,0,0,0,0,1368,57,907,8,514,25,4,62
80,20,0,0,0,0,0,0,0,1484,44,1035,7,600,31,5,63
80,20,0,0,0,0,0,0,0,1435,55,969,7,367,16,2,61
80,20,0,0,0,0,0,0,0,1581,58,1116,19,575,25,3,63
80,20,0,0,0,0,0,0,0,1550,41,1078,14,635,10,5,62
80,20,0,0,0,0,0,0,0,1323,53,911,14,386,26,5,68
80,20,0,0,0,0,0,0,0,1373,42,918,16,377,20,3,60
80,20,0,0,0,0,0,0,0,1529,54,1069,10,522,24,1,69
80,20,0,0,0,0,0,0,0,1598,54,939,7,513,33,2,61
80,20,0,0,0,0,0,0,0,1563,47,927,9,526,34,2,64
80,20,0,0,0,0,0,0,0,1673,45,992,19,482,35,5,67
80,20,0,0,0,0,0,0,0,1370,51,985,14,579,26,4,66
80,20,0,0,0,0,0,0,0,1471,47,876,16,562,22,1,62
80,20,0,0,0,0,0,0,0,1594,55,987,24,547,23,3,66
80,20,0,0,0,0,0,0,0,1334,49,899,6,337,29,4,66
80,20,0,0,0,0,0,0,0,1581,47,1165,7,492,27,4,69
80,20,0,0,0,0,0,0,0,1386,54,903,16,526,21,2,68
80,20,0,0,0,0,0,0,0,1544,44,1130,17,649,22,4,60
80,20,0,0,0,0,0,0,0,1531,54,964,7,441,15,4,67
80,20,0,0,0,0,0,0,0,1497,44,1011,5,484,27,4,70
80,20,0,0,0,0,0,0,0,1678,43,1026,16,626,28,1,61
80,20,0,0,0,0,0,0,0,1584,57,1022,23,544,36,5,69
80,20,0,0,0,0,0,0,0,1398,47,849,14,447,33,3,67
80,20,0,0,0,0,0,0,0,1620,48,978,24,499,37,3,68
80,20,0,0,0,0,0,0,0,1348,50,798,19,434,39,5,68
80,20,0,0,0,0,0,0,0,1551,49,1184,9,413,38,4,62
80,20,0,0,0,0,0,0,0,1600,49,1146,23,612,26,2,70
80,20,0,0,0,0,0,0,0,1598,53,1162,20,686,14,5,66
80,20,0,0,0,0,0,0,0,1521,50,915,8,510,16,1,68
80,20,0,0,0,0,0,0,0,1494,41,973,14,576,30,3,61
80,20,0,0,0,0,0,0,0,1387,54,880,22,526,20,4,65
80,20,0,0,0,0,0,0,0,1395,53,1027,9,483,39,3,61
80,20,0,0,0,0,0,0,0,1283,48,831,19,410,36,4,63
80,20,0,0,0,0,0,0,0,1382,47,834,18,452,31,1,61
80,20,0,0,0,0,0,0,0,1642,46,1256,21,623,11,5,62
80,20,0,0,0,0,0,0,0,1551,48,1180,13,633,24,3,63
80,20,0,0,0,0,0,0,0,1300,51,866,5,371,39,3,61
80,20,0,0,0,0,0,0,0,1676,41,1087,20,605,24,2,62
80,20,0,0,0,0,0,0,0,1660,52,928,16,481,13,2,62
80,20,0,0,0,0,0,0,0,1590,56,972,13,538,19,5,70
80,20,0,0,0,0,0,0,0,1604,53,1166,21,414,27,1,61
80,20,0,0,0,0,0,0,0,1493,45,1048,11,630,13,5,65
80,20,0,0,0,0,0,0,0,1458,53,1017,22,517,25,5,75
80,20,0,0,0,0,0,0,0,1549,46,1069,21,617,35,5,71
80,20,0,0,0,0,0,0,0,1561,51,1059,7,635,39,2,71
80,20,0,0,0,0,0,0,0,1522,52,971,5,437,26,3,71
80,20,0,0,0,0,0,0,0,1476,51,1058,23,458,22,2,70
80,20,0,0,0,0,0,0,0,1541,51,978,18,609,20,2,74
80,20,0,0,0,0,0,0,0,1643,50,1019,5,412,36,3,71
80,20,0,0,0,0,0,0,0,1442,50,905,6,568,29,5,75
80,20,0,0,0,0,0,0,0,1546,52,1113,19,521,24,1,70
80,20,0,0,0,0,0,0,0,1424,46,944,10,513,27,5,78
80,20,0,0,0,0,0,0,0,1394,47,973,9,544,27,5,70
80,20,0,0,0,0,0,0,0,1628,45,1007,15,487,37,4,72
80,20,0,0,0,0,0,0,0,1646,49,1025,18,428,39,3,74
80,20,0,0,0,0,0,0,0,1391,52,931,20,476,20,3,77
80,20,0,0,0,0,0,0,0,1444,51,1009,18,545,32,2,73
80,20,0,0,0,0,0,0,0,1462,51,1065,16,375,32,4,70
80,20,0,0,0,0,0,0,0,1504,52,1035,10,605,33,2,70
80,20,0,0,0,0,0,0,0,1526,56,1012,18,447,21,2,70
80,20,0,0,0,0,0,0,0,1630,43,1084,8,479,14,5,70
80,20,0,0,0,0,0,0,0,1616,55,1082,16,601,16,4,79
80,20,0,0,0,0,0,0,0,1492,47,987,11,469,33,2,75
80,20,0,0,0,0,0,0,0,1537,46,1000,16,414,11,4,73
80,20,0,0,0,0,0,0,0,1575,49,867,12,564,25,5,70
80,20,0,0,0,0,0,0,0,1428,46,884,14,506,21,3,70
80,20,0,0,0,0,0,0,0,1613,47,1207,16,524,14,4,71
80,20,0,0,0,0,0,0,0,1529,46,943,9,529,22,4,70
80,20,0,0,0,0,0,0,0,1613,51,1094,23,573,32,2,80
80,20,0,0,0,0,0,0,0,1524,51,1068,12,632,14,4,75
80,20,0,0,0,0,0,0,0,1359,51,942,16,414,13,3,71
80,20,0,0,0,0,0,0,0,1594,53,1066,20,505,39,3,79
80,20,0,0,0,0,0,0,0,1623,55,1070,20,554,34,2,74
80,20,0,0,0,0,0,0,0,1599,52,1100,13,419,10,4,77
80,20,0,0,0,0,0,0,0,1689,43,1117,13,454,11,4,71
80,20,0,0,0,0,0,0,0,1536,53,989,14,442,20,5,80
80,20,0,0,0,0,0,0,0,1466,50,942,6,445,14,3,76
80,20,0,0,0,0,0,0,0,1428,48,932,7,557,30,3,70
80,20,0,0,0,0,0,0,0,1395,54,870,13,460,39,5,70
80,20,0,0,0,0,0,0,0,1375,48,920,18,555,12,5,73
80,20,0,0,0,0,0,0,0,1637,50,1134,6,415,14,1,71
80,20,0,0,0,0,0,0,0,1408,52,935,17,376,31,3,75
80,20,0,0,0,0,0,0,0,1445,49,1019,20,602,12,5,72
80,20,0,0,0,0,0,0,0,1622,44,1051,12,661,25,5,73
80,20,0,0,0,0,0,0,0,1388,48,928,18,419,31,3,76
80,20,0,0,0,0,0,0,0,1607,51,1093,24,493,38,2,76
80,20,0,0,0,0,0,0,0,1681,49,1031,16,664,22,1,74
80,20,0,0,0,0,0,0,0,1494,50,858,12,468,37,4,70
80,20,0,0,0,0,0,0,0,1410,52,952,24,560,17,5,74
80,20,0,0,0,0,0,0,0,1407,50,830,15,453,22,5,78
80,20,0,0,0,0,0,0,0,1686,53,1106,24,452,17,4,76
80,20,0,0,0,0,0,0,0,1619,47,1099,21,604,31,4,79
80,20,0,0,0,0,0,0,0,1607,42,1113,13,519,29,5,72
80,20,0,0,0,0,0,0,0,1368,49,882,13,409,12,4,73
80,20,0,0,0,0,0,0,0,1623,50,1221,17,439,29,5,75
80,20,0,0,0,0,0,0,0,1498,48,1041,10,563,16,5,77
80,20,0,0,0,0,0,0,0,1464,49,939,12,435,34,1,72
80,20,0,0,0,0,0,0,0,1552,51,968,7,550,14,3,74
80,20,0,0,0,0,0,0,0,1638,42,1083,22,545,38,4,70
80,20,0,0,0,0,0,0,0,1647,51,1000,21,431,15,5,74
80,20,0,0,0,0,0,0,0,1640,52,988,22,618,38,4,70
80,20,0,0,0,0,0,0,0,1402,51,973,18,397,22,3,74
80,20,0,0,0,0,0,0,0,1563,45,1013,14,628,11,5,72
80,20,0,0,0,0,0,0,0,1635,44,1146,18,506,23,3,71
80,20,0,0,0,0,0,0,0,1598,53,1138,7,541,23,2,70
80,20,0,0,0,0,0,0,0,1577,47,1067,8,589,26,1,72
80,20,0,0,0,0,0,0,0,1519,48,1025,22,539,37,2,74
80,20,0,0,0,0,0,0,0,1679,49,1017,16,517,26,2,79
80,20,0,0,0,0,0,0,0,1453,48,950,6,442,28,1,70
80,20,0,0,0,0,0,0,0,1440,49,958,11,522,34,1,77
80,20,0,0,0,0,0,0,0,1666,55,1140,17,670,38,5,75
80,20,0,0,0,0,0,0,0,1400,51,992,11,514,24,2,70
80,20,0,0,0,0,0,0,0,1487,48,960,16,422,26,1,74
80,20,0,0,0,0,0,0,0,1594,48,1000,16,644,12,4,75
80,20,0,0,0,0,0,0,0,1447,45,960,10,546,17,4,72
80,20,0,0,0,0,0,0,0,1496,51,989,22,592,12,4,76
80,20,0,0,0,0,0,0,0,1571,52,937,19,510,35,3,71
80,20,0,0,0,0,0,0,0,1514,47,965,18,466,34,5,77
80,20,0,0,0,0,0,0,0,1594,53,998,6,546,13,5,74
80,20,0,0,0,0,0,0,0,1452,53,1047,17,467,16,4,71
80,20,0,0,0,0,0,0,0,1492,49,839,15,496,27,4,70
80,20,0,0,0,0,0,0,0,1651,46,1130,8,595,18,3,75
80,20,0,0,0,0,0,0,0,1585,48,1098,5,484,24,1,71
80,20,0,0,0,0,0,0,0,1362,50,965,18,506,24,5,74
80,20,0,0,0,0,0,0,0,1424,52,911,16,557,23,3,74
80,20,0,0,0,0,0,0,0,1520,56,992,14,556,17,3,71
80,20,0,0,0,0,0,0,0,1588,50,1211,11,459,34,5,72
80,20,0,0,0,0,0,0,0,1582,55,1007,24,511,25,4,73
80,20,0,0,0,0,0,0,0,1348,49,900,13,534,22,2,71
80,20,0,0,0,0,0,0,0,1508,53,920,20,528,12,5,71
80,20,0,0,0,0,0,0,0,1684,47,1054,23,647,22,4,74
80,20,0,0,0,0,0,0,0,1431,50,895,9,397,10,5,74
80,20,0,0,0,0,0,0,0,1390,49,923,20,476,32,3,79
80,20,0,0,0,0,0,0,0,1668,54,1099,22,529,21,3,79
80,20,0,0,0,0,0,0,0,1351,50,840,18,435,19,3,71
80,20,0,0,0,0,0,0,0,1682,50,982,5,625,35,5,72
80,20,0,0,0,0,0,0,0,1428,53,949,14,449,17,2,76
80,20,0,0,0,0,0,0,0,1639,55,1184,8,501,29,5,70
80,20,0,0,0,0,0,0,0,1665,48,1101,5,449,16,4,77
80,20,0,0,0,0,0,0,0,1369,50,851,13,446,10,2,70
80,20,0,0,0,0,0,0,0,1414,49,912,9,534,27,4,77
80,20,0,0,0,0,0,0,0,1376,50,828,20,410,24,5,71
80,20,0,0,0,0,0,0,0,1593,51,1022,17,652,31,5,83
80,20,0,0,0,0,0,0,0,1589,51,1015,8,522,26,4,83
80,20,0,0,0,0,0,0,0,1539,49,1067,17,522,15,2,81
80,20,0,0,0,0,0,0,0,1649,50,1068,22,609,33,3,83
80,20,0,0,0,0,0,0,0,1556,50,1076,9,620,19,5,82
80,20,0,0,0,0,0,0,0,1542,50,1020,18,408,33,4,84
80,20,0,0,0,0,0,0,0,1611,49,1080,24,533,38,4,85
80,20,0,0,0,0,0,0,0,1540,52,1026,14,444,37,3,82
80,20,0,0,0,0,0,0,0,1662,51,1106,10,481,24,1,84
80,20,0,0,0,0,0,0,0,1684,48,1116,18,493,35,1,81
80,20,0,0,0,0,0,0,0,1422,51,972,6,496,22,5,80
80,20,0,0,0,0,0,0,0,1605,51,1036,6,632,17,5,80
80,20,0,0,0,0,0,0,0,1677,50,1067,21,499,39,5,85
80,20,0,0,0,0,0,0,0,1651,49,1067,15,536,38,1,85
80,20,0,0,0,0,0,0,0,1505,50,967,23,490,28,2,80
80,20,0,0,0,0,0,0,0,1631,50,1127,18,627,26,1,81
80,20,0,0,0,0,0,0,0,1545,49,1030,6,485,27,4,84
80,20,0,0,0,0,0,0,0,1676,50,1133,20,575,22,1,88
80,20,0,0,0,0,0,0,0,1456,51,1011,11,434,29,5,81
80,20,0,0,0,0,0,0,0,1560,50,1145,9,538,25,5,80
80,20,0,0,0,0,0,0,0,1666,44,1090,13,567,21,4,80
80,20,0,0,0,0,0,0,0,1500,51,1038,15,397,14,5,82
80,20,0,0,0,0,0,0,0,1584,53,1068,14,503,15,3,83
80,20,0,0,0,0,0,0,0,1652,49,1089,20,420,24,4,84
80,20,0,0,0,0,0,0,0,1535,51,984,14,479,20,4,85
80,20,0,0,0,0,0,0,0,1576,49,1057,18,472,35,4,87
80,20,0,0,0,0,0,0,0,1676,47,1173,19,608,13,5,80
80,20,0,0,0,0,0,0,0,1650,51,1080,6,495,39,5,83
80,20,0,0,0,0,0,0,0,1690,50,1049,12,490,19,2,81
80,20,0,0,0,0,0,0,0,1499,51,1016,18,440,31,4,84
80,20,0,0,0,0,0,0,0,1665,55,1095,17,590,16,5,82
80,20,0,0,0,0,0,0,0,1659,50,1172,22,618,17,5,82
80,20,0,0,0,0,0,0,0,1520,53,1013,13,590,30,5,82
80,20,0,0,0,0,0,0,0,1634,53,1080,13,526,31,3,85
80,20,0,0,0,0,0,0,0,1675,52,1085,12,493,25,1,81
80,20,0,0,0,0,0,0,0,1626,48,1090,21,562,26,1,81
80,20,0,0,0,0,0,0,0,1606,51,985,13,549,18,3,81
80,20,0,0,0,0,0,0,0,1592,50,989,18,497,34,5,84
80,20,0,0,0,0,0,0,0,1489,52,1009,15,533,19,3,82
80,20,0,0,0,0,0,0,0,1537,51,1073,6,531,19,5,80
80,20,0,0,0,0,0,0,0,1661,49,1168,8,612,20,5,81
80,20,0,0,0,0,0,0,0,1668,52,1138,5,626,23,4,80
80,20,0,0,0,0,0,0,0,1527,51,1116,15,513,25,5,83
80,20,0,0,0,0,0,0,0,1666,47,1050,16,578,21,3,81
80,20,0,0,0,0,0,0,0,1498,49,1024,12,527,21,2,81
80,20,0,0,0,0,0,0,0,1675,54,1094,9,568,22,4,82
80,20,0,0,0,0,0,0,0,1678,50,1197,19,574,30,5,88
80,20,0,0,0,0,0,0,0,1553,50,1045,22,520,20,2,85
80,20,0,0,0,0,0,0,0,1667,51,1188,16,513,20,4,85
80,20,0,0,0,0,0,0,0,1662,48,1030,21,604,26,5,81
80,20,0,0,0,0,0,0,0,1627,52,1033,13,547,35,5,86
80,20,0,0,0,0,0,0,0,1555,49,1046,5,510,24,5,87
80,20,0,0,0,0,0,0,0,1634,51,1191,21,522,27,5,80
80,20,0,0,0,0,0,0,0,1654,50,1163,11,612,30,4,85
80,20,0,0,0,0,0,0,0,1621,48,1096,9,626,34,5,81
80,20,0,0,0,0,0,0,0,1451,48,948,15,446,24,4,84
80,20,0,0,0,0,0,0,0,1445,48,980,16,470,29,3,82
80,20,0,0,0,0,0,0,0,1606,53,1091,16,572,18,2,81
80,20,0,0,0,0,0,0,0,1391,48,927,16,483,11,4,80
80,20,0,0,0,0,0,0,0,1686,50,1138,5,521,21,2,83
80,20,0,0,0,0,0,0,0,1687,52,1146,15,511,11,1,81
80,20,0,0,0,0,0,0,0,1665,49,1082,8,553,30,5,90
80,20,0,0,0,0,0,0,0,1531,51,1020,18,402,22,5,87
80,20,0,0,0,0,0,0,0,1642,53,1092,16,659,20,4,83
80,20,0,0,0,0,0,0,0,1609,50,1040,18,581,19,4,90
80,20,0,0,0,0,0,0,0,1662,48,1079,19,473,12,3,80
80,20,0,0,0,0,0,0,0,1659,44,1110,15,533,23,5,84
80,20,0,0,0,0,0,0,0,1658,55,1107,14,490,18,4,81
80,20,0,0,0,0,0,0,0,1578,53,1064,11,425,33,5,80
80,20,0,0,0,0,0,0,0,1654,45,1114,15,504,19,5,84
80,20,0,0,0,0,0,0,0,1607,50,1100,16,415,31,2,82
80,20,0,0,0,0,0,0,0,1636,50,1011,19,560,17,3,82
80,20,0,0,0,0,0,0,0,1418,50,941,11,472,18,3,87
80,20,0,0,0,0,0,0,0,1611,50,1075,24,524,18,4,89
80,20,0,0,0,0,0,0,0,1419,48,970,17,479,19,4,81
80,20,0,0,0,0,0,0,0,1629,50,983,15,590,27,3,82
80,20,0,0,0,0,0,0,0,1642,51,1109,23,587,35,5,86
80,20,0,0,0,0,0,0,0,1674,51,1143,13,697,15,4,83
80,20,0,0,0,0,0,0,0,1613,49,1109,16,585,35,3,85
80,20,0,0,0,0,0,0,0,1437,50,922,23,491,23,4,81
80,20,0,0,0,0,0,0,0,1687,51,1202,16,525,24,2,82
80,20,0,0,0,0,0,0,0,1619,48,1078,6,444,18,5,81
80,20,0,0,0,0,0,0,0,1423,50,967,14,565,16,5,84
80,20,0,0,0,0,0,0,0,1651,48,1102,16,459,28,3,87
80,20,0,0,0,0,0,0,0,1624,49,1049,22,510,26,5,87
80,20,0,0,0,0,0,0,0,1593,49,1010,8,555,34,5,82
80,20,0,0,0,0,0,0,0,1688,48,1080,13,629,26,3,83
80,20,0,0,0,0,0,0,0,1684,50,1100,9,484,28,3,87
80,20,0,0,0,0,0,0,0,1612,55,1074,16,600,25,3,81
80,20,0,0,0,0,0,0,0,1497,50,1010,23,521,29,3,83
80,20,0,0,0,0,0,0,0,1455,49,952,20,509,15,5,83
80,20,0,0,0,0,0,0,0,1427,50,965,21,381,20,5,80
80,20,0,0,0,0,0,0,0,1648,51,1133,17,652,17,3,82
80,20,0,0,0,0,0,0,0,1677,51,1124,20,623,35,3,86
80,20,0,0,0,0,0,0,0,1517,50,1049,14,515,35,4,88
80,20,0,0,0,0,0,0,0,1664,46,1128,18,644,13,5,80
80,20,0,0,0,0,0,0,0,1623,48,1066,12,663,14,5,82
80,20,0,0,0,0,0,0,0,1609,49,1106,6,447,33,5,80
80,20,0,0,0,0,0,0,0,1471,52,966,15,521,16,2,80
80,20,0,0,0,0,0,0,0,1553,52,1037,17,457,28,2,83
80,20,0,0,0,0,0,0,0,1547,50,1038,15,494,21,2,90
80,20,0,0,0,0,0,0,0,1627,51,1123,16,554,23,4,91
80,20,0,0,0,0,0,0,0,1628,50,1059,16,654,23,5,91
80,20,0,0,0,0,0,0,0,1652,51,1095,11,605,13,5,90
80,20,0,0,0,0,0,0,0,1666,48,1077,16,576,28,5,92
80,20,0,0,0,0,0,0,0,1616,50,1086,13,592,38,5,93
80,20,0,0,0,0,0,0,0,1567,49,1025,15,550,25,4,93
80,20,0,0,0,0,0,0,0,1689,51,1122,13,555,15,5,96
80,20,0,0,0,0,0,0,0,1626,49,1136,16,561,26,5,90
80,20,0,0,0,0,0,0,0,1663,49,1125,16,586,30,3,91
80,20,0,0,0,0,0,0,0,1677,50,1061,15,473,32,5,91
80,20,0,0,0,0,0,0,0,1689,49,1144,14,579,19,4,94
80,20,0,0,0,0,0,0,0,1575,50,1016,13,545,25,3,90
80,20,0,0,0,0,0,0,0,1581,50,1013,14,552,28,4,92
80,20,0,0,0,0,0,0,0,1610,48,1075,14,483,22,5,92
80,20,0,0,0,0,0,0,0,1637,50,1102,15,433,28,5,95
80,20,0,0,0,0,0,0,0,1681,48,1125,14,612,22,5,94
80,20,0,0,0,0,0,0,0,1627,50,1075,11,487,15,5,92
80,20,0,0,0,0,0,0,0,1673,50,1104,17,657,20,4,92
80,20,0,0,0,0,0,0,0,1607,50,1057,15,591,25,5,98
80,20,0,0,0,0,0,0,0,1665,52,1128,14,503,20,5,91
80,20,0,0,0,0,0,0,0,1648,50,1149,17,505,24,5,92
80,20,0,0,0,0,0,0,0,1643,51,1086,16,507,28,4,94
80,20,0,0,0,0,0,0,0,1643,50,1124,15,565,33,4,94
80,20,0,0,0,0,0,0,0,1559,50,1030,13,562,22,5,94
80,20,0,0,0,0,0,0,0,1665,51,1137,18,538,17,5,92
80,20,0,0,0,0,0,0,0,1685,50,1104,13,597,25,3,95
80,20,0,0,0,0,0,0,0,1646,52,1097,16,558,27,2,91
80,20,0,0,0,0,0,0,0,1630,50,1077,8,546,14,5,91
80,20,0,0,0,0,0,0,0,1675,51,1102,16,589,10,5,93
80,20,0,0,0,0,0,0,0,1496,48,997,14,541,27,5,90
80,20,0,0,0,0,0,0,0,1624,51,1106,16,490,26,4,90
80,20,0,0,0,0,0,0,0,1603,50,1076,15,609,36,5,92
80,20,0,0,0,0,0,0,0,1683,49,1118,12,518,18,5,94
80,20,0,0,0,0,0,0,0,1685,49,1145,13,585,22,4,93
80,20,0,0,0,0,0,0,0,1588,49,1068,13,614,23,5,90
80,20,0,0,0,0,0,0,0,1660,50,1113,17,438,36,5,91
80,20,0,0,0,0,0,0,0,1677,50,1120,12,581,30,1,91
80,20,0,0,0,0,0,0,0,1652,51,1085,16,536,32,3,91
80,20,0,0,0,0,0,0,0,1652,50,1123,17,535,32,4,93
80,20,0,0,0,0,0,0,0,1608,50,1072,8,535,28,4,94
80,20,0,0,0,0,0,0,0,1657,51,1113,10,461,25,5,90
80,20,0,0,0,0,0,0,0,1650,50,1077,19,516,35,4,90
80,20,0,0,0,0,0,0,0,1668,50,1106,15,543,16,4,100
80,20,0,0,0,0,0,0,0,1609,51,1033,14,551,22,5,93
80,20,0,0,0,0,0,0,0,1690,50,1160,13,522,17,5,95
80,20,0,0,0,0,0,0,0,1526,50,1023,15,496,13,5,96
80,20,0,0,0,0,0,0,0,1672,49,1107,19,578,19,3,91
80,20,0,0,0,0,0,0,0,1590,50,1053,12,470,27,5,94
80,20,0,0,0,0,0,0,0,1688,48,1159,16,530,33,5,90
80,20,0,0,0,0,0,0,0,1662,51,1071,18,605,27,5,91
80,20,0,0,0,0,0,0,0,1650,50,1072,10,558,12,5,92
80,20,0,0,0,0,0,0,0,1685,50,1071,14,614,32,5,91
80,20,0,0,0,0,0,0,0,1637,50,1084,17,562,36,2,90
80,20,0,0,0,0,0,0,0,1678,49,1111,18,490,14,5,91
80,20,0,0,0,0,0,0,0,1502,48,994,15,486,18,5,91
80,20,0,0,0,0,0,0,0,1671,51,1115,17,628,23,5,95
80,20,0,0,0,0,0,0,0,1678,49,1138,13,554,36,5,94
80,20,0,0,0,0,0,0,0,1686,50,1123,16,467,26,2,92
80,20,0,0,0,0,0,0,0,1629,49,1062,15,518,26,3,91
80,20,0,0,0,0,0,0,0,1688,50,1110,13,547,21,4,96
80,20,0,0,0,0,0,0,0,1616,51,1069,20,582,24,5,91
80,20,0,0,0,0,0,0,0,1502,51,1003,15,502,30,3,90
80,20,0,0,0,0,0,0,0,1672,49,1107,13,526,21,4,94
80,20,0,0,0,0,0,0,0,1590,48,1064,14,558,29,4,90
80,20,0,0,0,0,0,0,0,1604,51,1069,15,484,15,4,92
80,20,0,0,0,0,0,0,0,1682,50,1120,10,583,36,5,95
80,20,0,0,0,0,0,0,0,1632,51,1065,17,595,25,5,92
80,20,0,0,0,0,0,0,0,1653,49,1100,14,560,37,2,90
80,20,0,0,0,0,0,0,0,1607,49,1061,21,527,21,5,91
80,20,0,0,0,0,0,0,0,1653,50,1135,13,639,17,5,90
80,20,0,0,0,0,0,0,0,1610,50,1064,15,563,33,4,96
80,20,0,0,0,0,0,0,0,1551,49,1017,16,515,20,4,91
80,20,0,0,0,0,0,0,0,1656,50,1093,21,459,25,5,91
80,20,0,0,0,0,0,0,0,1672,50,1102,8,532,21,5,94
80,20,0,0,0,0,0,0,0,1670,49,1091,16,547,21,5,96
80,20,0,0,0,0,0,0,0,1570,51,1066,15,476,28,5,92
80,20,0,0,0,0,0,0,0,1543,51,1022,19,508,15,5,90
80,20,0,0,0,0,0,0,0,1625,49,1070,13,552,31,3,91
80,20,0,0,0,0,0,0,0,1680,48,1138,17,571,25,3,91
80,20,0,0,0,0,0,0,0,1664,52,1108,13,642,27,5,91
80,20,0,0,0,0,0,0,0,1548,49,1027,15,468,32,5,91
80,20,0,0,0,0,0,0,0,1621,49,1100,14,543,34,4,92
80,20,0,0,0,0,0,0,0,1661,50,1090,8,546,23,3,90
80,20,0,0,0,0,0,0,0,1682,51,1109,13,566,37,5,95
80,20,0,0,0,0,0,0,0,1597,50,1050,12,474,27,5,93
80,20,0,0,0,0,0,0,0,1642,51,1085,12,518,27,5,95
80,20,0,0,0,0,0,0,0,1564,49,1024,15,479,29,5,92
80,20,0,0,0,0,0,0,0,1665,49,1110,16,556,32,4,96
80,20,0,0,0,0,0,0,0,1671,52,1088,11,565,18,5,90
80,20,0,0,0,0,0,0,0,1687,50,1129,20,462,28,5,93
80,20,0,0,0,0,0,0,0,1665,49,1094,16,595,18,3,90
80,20,0,0,0,0,0,0,0,1630,51,1105,18,546,18,5,92
80,20,0,0,0,0,0,0,0,1660,49,1122,15,604,30,5,94
80,20,0,0,0,0,0,0,0,1655,50,1063,14,430,24,5,90
80,20,0,0,0,0,0,0,0,1609,50,1097,15,543,27,2,93
80,20,0,0,0,0,0,0,0,1617,51,1074,12,558,26,4,93
80,20,0,0,0,0,0,0,0,1632,50,1105,19,560,33,4,91
80,20,0,0,0,0,0,0,0,1545,50,1016,15,464,27,5,95
80,20,0,0,0,0,0,0,0,1507,50,1008,17,561,27,5,92